# Created by Octave 4.4.1, Thu Jan 17 23:07:02 2019 CST <apple@appledeMacBook-Pro.local>
# name: v
# type: matrix
# rows: 10
# columns: 1
 3299
 3690
 2320
 5399
 2999
 3149
 1989
 2120
 2425
 2399


